2.3468516296693114 2.206071794154615 2.710955554627126
   0.255   0.085   1.016
   0.130   0.178   0.783
   0.265   0.085   1.914
   0.129   0.185   1.687
   0.130   0.184   2.600
   0.259   0.082   0.107
   0.264   0.825   1.011
   0.127   0.921   0.787
   0.256   0.825   1.919
   0.129   0.920   1.687
   0.130   0.919   2.600
   0.264   0.825   0.107
   0.264   1.560   1.020
   0.129   1.656   0.791
   0.129   1.656   1.695
   0.264   1.560   1.924
   0.256   1.560   0.112
   0.131   1.650   2.601
   0.909   0.185   0.787
   1.037   0.085   1.016
   1.049   0.082   1.919
   0.920   0.178   1.691
   1.045   0.085   0.106
   0.912   0.178   2.599
   1.038   0.825   1.016
   0.912   0.913   0.783
   0.912   0.913   1.686
   1.038   0.825   1.919
   1.046   0.825   0.107
   0.912   0.918   2.601
   1.046   1.560   1.020
   0.917   1.656   0.792
   1.038   1.560   1.919
   0.909   1.656   1.691
   0.912   1.648   2.599
   1.045   1.558   0.106
   1.692   0.185   0.787
   1.823   0.082   1.011
   1.702   0.178   1.691
   1.829   0.085   1.925
   1.820   0.085   0.112
   1.699   0.184   2.601
   1.694   0.913   0.792
   1.829   0.825   1.020
   1.702   0.913   1.691
   1.829   0.825   1.924
   1.695   0.918   2.601
   1.829   0.825   0.107
   1.829   1.560   1.020
   1.702   1.648   0.787
   1.823   1.552   1.924
   1.694   1.648   1.696
   1.695   1.654   2.601
   1.823   1.552   0.107
   0.520   0.177   0.106
   0.520   0.171   1.011
   0.528   0.171   1.919
   0.524   0.913   0.106
   0.528   0.907   1.015
   0.520   0.907   1.914
   0.520   1.647   0.106
   0.525   1.649   1.020
   0.525   1.649   1.924
   1.306   0.177   0.106
   1.302   0.171   1.020
   1.307   0.179   1.924
   1.310   0.907   0.112
   1.299   0.914   1.015
   1.302   0.907   1.914
   1.310   1.642   0.112
   1.310   1.642   1.015
   1.302   1.642   1.914
   2.084   0.171   0.107
   2.082   0.179   1.015
   2.092   0.171   1.919
   2.090   0.914   0.107
   2.090   0.914   1.020
   2.090   0.914   1.924
   2.085   1.643   0.106
   2.092   1.642   1.015
   2.082   1.650   1.919
   0.265   0.087   0.557
   0.265   0.087   1.461
   0.259   0.084   2.365
   0.256   0.827   0.563
   0.259   0.819   1.462
   0.267   0.819   2.370
   0.256   1.562   0.563
   0.259   1.554   1.471
   0.259   1.554   2.365
   1.047   0.087   0.568
   1.047   0.087   1.461
   1.037   0.087   2.370
   1.049   0.819   0.563
   1.049   0.819   1.466
   1.038   0.827   2.370
   1.046   1.562   0.567
   1.041   1.554   1.471
   1.041   1.554   2.375
   1.829   0.087   0.568
   1.831   0.084   1.466
   1.823   0.084   2.365
   1.821   0.827   0.563
   1.831   0.819   1.466
   1.821   0.827   2.370
   1.823   1.554   0.558
   1.821   1.562   1.466
   1.821   1.562   2.370
   0.131   0.454   0.782
   0.132   0.461   1.694
   0.132   0.463   2.594
   0.132   1.199   0.786
   0.132   1.196   1.694
   0.132   1.196   2.598
   0.132   1.934   0.786
   0.132   1.934   1.690
   0.133   1.927   2.600
   0.915   0.461   0.791
   0.920   0.454   1.695
   0.920   0.454   2.598
   0.920   1.189   0.782
   0.920   1.189   1.695
   0.915   1.196   2.598
   0.923   1.932   0.786
   0.923   1.932   1.690
   0.919   1.926   2.599
   1.697   0.461   0.782
   1.702   0.454   1.685
   1.705   0.461   2.594
   1.702   1.189   0.791
   1.702   1.189   1.685
   1.698   1.195   2.599
   1.702   1.924   0.782
   1.702   1.924   1.695
   1.697   1.932   2.598
   0.129   0.183   0.333
   0.127   0.183   1.241
   0.130   0.176   2.140
   0.130   0.911   0.332
   0.129   0.918   1.237
   0.130   0.911   2.149
   0.127   1.654   0.337
   0.130   1.647   1.245
   0.127   1.654   2.144
   0.912   0.176   0.342
   0.909   0.183   1.241
   0.917   0.183   2.140
   0.920   0.911   0.337
   0.917   0.919   1.245
   0.909   0.919   2.144
   0.912   1.647   0.342
   0.917   1.654   1.245
   0.917   1.654   2.149
   1.700   0.183   0.341
   1.702   0.176   1.241
   1.692   0.183   2.144
   1.694   0.911   0.332
   1.694   0.911   1.245
   1.692   0.919   2.144
   1.700   1.654   0.332
   1.692   1.654   1.241
   1.692   1.654   2.144
   0.132   0.459   0.331
   0.132   0.459   1.235
   0.131   0.452   2.139
   0.131   1.188   0.332
   0.132   1.197   1.239
   0.131   1.188   2.139
   0.132   1.930   0.340
   0.130   1.923   1.239
   0.132   1.932   2.143
   0.920   0.452   0.340
   0.915   0.459   1.235
   0.923   0.459   2.143
   0.912   1.187   0.336
   0.915   1.195   1.235
   0.923   1.195   2.143
   0.920   1.923   0.331
   0.915   1.930   1.235
   0.915   1.930   2.148
   1.705   0.459   0.336
   1.702   0.452   1.235
   1.705   0.459   2.143
   1.694   1.187   0.336
   1.702   1.187   1.244
   1.705   1.195   2.143
   1.697   1.930   0.340
   1.697   1.930   1.235
   1.697   1.930   2.148
   0.649   0.079   0.333
   0.645   0.082   1.241
   0.655   0.082   2.150
   0.654   0.822   0.342
   0.654   0.822   1.246
   0.649   0.814   2.140
   0.646   1.557   0.337
   0.654   1.557   1.246
   0.657   1.550   2.145
   1.439   0.079   0.337
   1.437   0.082   1.247
   1.431   0.079   2.149
   1.431   0.814   0.342
   1.428   0.822   1.241
   1.431   0.814   2.140
   1.439   1.550   0.337
   1.431   1.550   1.246
   1.431   1.550   2.140
   2.219   0.082   0.332
   2.220   0.079   1.237
   2.220   0.079   2.149
   2.220   0.815   0.333
   2.221   0.814   1.241
   2.220   0.815   2.149
   2.220   1.550   0.341
   2.220   1.550   1.245
   2.220   1.550   2.141
   0.259   2.017   0.110
   0.263   2.020   1.018
   0.271   2.020   1.917
   0.268   0.547   0.104
   0.263   0.549   1.009
   0.271   0.549   1.917
   0.268   1.282   0.104
   0.271   1.284   1.014
   0.271   1.284   1.917
   1.046   2.020   0.106
   1.054   2.020   1.014
   1.051   2.016   1.923
   1.047   0.547   0.104
   1.054   0.549   1.014
   1.054   0.549   1.917
   1.047   1.283   0.104
   1.046   1.284   1.009
   1.054   1.284   1.917
   1.829   2.018   0.104
   1.834   2.016   1.008
   1.828   2.020   1.922
   1.833   0.547   0.104
   1.828   0.549   1.009
   1.828   0.549   1.913
   1.825   1.277   0.110
   1.828   1.284   1.018
   1.833   1.277   1.913
   0.530   0.455   0.111
   0.520   0.447   1.014
   0.528   0.447   1.913
   0.530   1.190   0.111
   0.528   1.183   1.010
   0.528   1.183   1.922
   0.523   1.924   0.105
   0.522   1.925   1.019
   0.530   1.925   1.918
   1.305   0.455   0.106
   1.310   0.447   1.019
   1.313   0.455   1.918
   1.305   1.185   0.105
   1.305   1.190   1.010
   1.310   1.183   1.913
   1.305   1.920   0.105
   1.310   1.918   1.019
   1.310   1.918   1.913
   2.092   0.447   0.106
   2.087   0.455   1.010
   2.084   0.447   1.918
   2.088   1.189   0.105
   2.087   1.190   1.010
   2.095   1.190   1.918
   2.087   1.920   0.105
   2.092   1.918   1.010
   2.087   1.925   1.913
   0.263   0.551   0.556
   0.261   0.543   1.464
   0.269   0.543   2.363
   0.263   1.286   0.556
   0.269   1.279   1.469
   0.261   1.279   2.368
   0.271   2.021   0.561
   0.263   2.022   1.460
   0.269   2.018   2.374
   1.051   0.543   0.565
   1.043   0.543   1.464
   1.046   0.551   2.373
   1.046   1.286   0.556
   1.043   1.279   1.464
   1.051   1.279   2.373
   1.046   2.022   0.556
   1.046   2.022   1.460
   1.053   2.021   2.368
   1.836   0.551   0.561
   1.833   0.543   1.460
   1.836   0.551   2.368
   1.825   1.279   0.561
   1.836   1.286   1.464
   1.836   1.286   2.368
   1.836   2.021   0.561
   1.824   2.018   1.464
   1.834   2.018   2.374
   0.661   0.546   0.335
   0.653   0.546   1.234
   0.659   0.539   2.138
   0.653   1.281   0.340
   0.653   1.281   1.234
   0.659   1.274   2.147
   0.659   2.014   0.341
   0.653   2.017   1.244
   0.653   2.017   2.147
   1.441   0.539   0.331
   1.444   0.546   1.239
   1.441   0.539   2.147
   1.433   1.274   0.335
   1.441   1.274   1.234
   1.441   1.274   2.138
   1.432   2.014   0.335
   1.435   2.017   1.244
   1.432   2.014   2.143
   2.223   0.537   0.335
   2.223   0.537   1.239
   2.223   0.539   2.138
   2.223   1.274   0.340
   2.223   1.274   1.234
   2.223   1.274   2.147
   2.224   2.016   0.331
   2.227   2.014   1.239
   2.224   2.014   2.137
   0.522   0.457   0.556
   0.522   0.457   1.460
   0.528   0.449   2.364
   0.522   1.192   0.566
   0.530   1.192   1.465
   0.520   1.184   2.368
   0.528   1.920   0.566
   0.520   1.920   1.465
   0.528   1.920   2.373
   1.310   0.449   0.556
   1.305   0.457   1.460
   1.302   0.449   2.368
   1.305   1.192   0.566
   1.305   1.192   1.460
   1.310   1.184   2.364
   1.305   1.927   0.566
   1.305   1.927   1.469
   1.310   1.920   2.373
   2.092   0.449   0.566
   2.092   0.449   1.469
   2.092   0.449   2.364
   2.084   1.184   0.561
   2.092   1.184   1.460
   2.092   1.184   2.373
   2.092   1.920   0.556
   2.084   1.920   1.465
   2.092   1.920   2.364
   0.525   0.181   0.558
   0.525   0.181   1.470
   0.520   0.173   2.374
   0.517   0.916   0.562
   0.517   0.916   1.466
   0.528   0.908   2.370
   0.520   1.644   0.567
   0.520   1.644   1.470
   0.520   1.644   2.365
   1.310   0.173   0.562
   1.307   0.181   1.470
   1.302   0.173   2.374
   1.307   0.916   0.567
   1.307   0.916   1.470
   1.302   0.908   2.365
   1.307   1.651   0.558
   1.299   1.651   1.466
   1.302   1.644   2.365
   2.092   0.173   0.562
   2.092   0.173   1.466
   2.084   0.173   2.374
   2.084   0.908   0.558
   2.092   0.908   1.466
   2.084   0.908   2.374
   2.084   1.644   0.567
   2.084   1.644   1.470
   2.084   1.644   2.365
   0.649   0.081   0.783
   0.657   0.081   1.691
   0.649   0.081   2.600
   0.649   0.816   0.783
   0.649   0.816   1.687
   0.649   0.816   2.600
   0.654   1.559   0.792
   0.649   1.552   1.696
   0.646   1.559   2.595
   1.431   0.081   0.792
   1.437   0.084   1.697
   1.437   0.084   2.601
   1.431   0.816   0.792
   1.439   0.816   1.691
   1.432   0.818   2.601
   1.436   1.559   0.783
   1.431   1.552   1.687
   1.432   1.553   2.601
   2.220   0.081   0.792
   2.221   0.081   1.691
   2.218   0.083   2.601
   2.219   0.826   0.788
   2.219   0.824   1.696
   2.218   0.818   2.601
   2.221   1.552   0.788
   2.219   1.559   1.696
   2.219   1.561   2.595
   0.651   0.540   0.786
   0.659   0.541   1.685
   0.658   0.542   2.599
   0.661   1.283   0.786
   0.659   1.276   1.694
   0.654   1.282   2.599
   0.659   2.016   0.791
   0.659   2.016   1.684
   0.659   2.016   2.599
   1.433   0.540   0.786
   1.441   0.541   1.685
   1.440   0.542   2.599
   1.444   1.283   0.786
   1.441   1.276   1.685
   1.433   1.276   2.593
   1.442   2.016   0.791
   1.444   2.019   1.689
   1.436   2.019   2.598
   2.226   0.548   0.786
   2.224   0.548   1.694
   2.222   0.542   2.599
   2.223   1.276   0.781
   2.224   1.283   1.685
   2.224   1.283   2.597
   2.224   2.016   0.780
   2.224   2.016   1.684
   2.227   2.016   2.593
